0.196133 0.4903325 -9.7085835
0.0980665 0.4903325 -9.7085835
0.196133 0.196133 -9.610517
0.29419949999999995 0.29419949999999995 -9.5124505
0.196133 0.196133 -9.414383999999998
0.196133 0.392266 -9.5124505
0.196133 0.392266 -9.610517
0.196133 0.392266 -9.610517
0.196133 0.392266 -9.5124505
0.196133 0.4903325 -9.610517
0.29419949999999995 0.392266 -9.5124505
0.196133 0.29419949999999995 -9.5124505
0.29419949999999995 0.29419949999999995 -9.5124505
0.0980665 0.4903325 -9.610517
0.196133 0.392266 -9.5124505
0.196133 0.392266 -9.5124505
0.29419949999999995 0.392266 -9.610517
0.196133 0.392266 -9.5124505
0.29419949999999995 0.392266 -9.610517
0.29419949999999995 0.29419949999999995 -9.5124505
0.29419949999999995 0.29419949999999995 -9.610517
0.29419949999999995 0.29419949999999995 -9.5124505
0.196133 0.29419949999999995 -9.5124505
0.29419949999999995 0.392266 -9.610517
0.29419949999999995 0.392266 -9.610517
0.29419949999999995 0.392266 -9.610517
0.196133 0.392266 -9.5124505
0.196133 0.392266 -9.5124505
0.196133 0.392266 -9.610517
0.196133 0.392266 -9.5124505
0.196133 0.392266 -9.610517
0.196133 0.392266 -9.414383999999998
0.196133 0.392266 -9.414383999999998
0.29419949999999995 0.392266 -9.610517
0.29419949999999995 0.4903325 -9.610517
0.196133 0.392266 -9.5124505
0.196133 0.392266 -9.5124505
0.196133 0.392266 -9.5124505
0.29419949999999995 0.392266 -9.5124505
0.29419949999999995 0.29419949999999995 -9.5124505
0.29419949999999995 0.392266 -9.5124505
0.29419949999999995 0.392266 -9.5124505
0.196133 0.392266 -9.610517
0.29419949999999995 0.392266 -9.610517
0.196133 0.392266 -9.5124505
0.196133 0.392266 -9.5124505
0.29419949999999995 0.29419949999999995 -9.7085835
0.29419949999999995 0.392266 -9.610517
0.29419949999999995 0.392266 -9.414383999999998
0.196133 0.392266 -9.610517
0.29419949999999995 0.29419949999999995 -9.5124505
0.196133 0.392266 -9.5124505
0.196133 0.392266 -9.414383999999998
0.29419949999999995 0.392266 -9.5124505
0.29419949999999995 0.392266 -9.610517
0.29419949999999995 0.392266 -9.610517
0.29419949999999995 0.29419949999999995 -9.5124505
0.29419949999999995 0.29419949999999995 -9.5124505
0.29419949999999995 0.392266 -9.5124505
0.196133 0.392266 -9.7085835
0.29419949999999995 0.392266 -9.5124505
0.196133 0.29419949999999995 -9.610517
0.29419949999999995 0.4903325 -9.7085835
0.29419949999999995 0.392266 -9.610517
0.196133 0.392266 -9.5124505
0.196133 0.29419949999999995 -9.5124505
0.196133 0.392266 -9.5124505
0.196133 0.392266 -9.5124505
0.29419949999999995 0.29419949999999995 -9.414383999999998
0.29419949999999995 0.29419949999999995 -9.5124505
0.196133 0.392266 -9.610517
0.29419949999999995 0.392266 -9.5124505
0.196133 0.392266 -9.610517
0.196133 0.392266 -9.610517
0.29419949999999995 0.392266 -9.610517
0.196133 0.29419949999999995 -9.610517
0.196133 0.392266 -9.7085835
0.196133 0.4903325 -9.610517
0.29419949999999995 0.392266 -9.7085835
0.29419949999999995 0.29419949999999995 -9.610517
0.196133 0.29419949999999995 -9.610517
0.29419949999999995 0.29419949999999995 -9.610517
0.392266 0.392266 -9.610517
0.196133 0.29419949999999995 -9.610517
0.196133 0.392266 -9.7085835
0.29419949999999995 0.29419949999999995 -9.7085835
0.29419949999999995 0.392266 -9.610517
0.0980665 0.29419949999999995 -9.610517
0.196133 0.29419949999999995 -9.5124505
0.29419949999999995 0.392266 -9.5124505
0.29419949999999995 0.392266 -9.610517
0.196133 0.4903325 -9.5124505
0.29419949999999995 0.29419949999999995 -9.7085835
0.196133 0.392266 -9.610517
0.196133 0.29419949999999995 -9.7085835
0.29419949999999995 0.392266 -9.414383999999998
0.29419949999999995 0.392266 -9.610517
0.29419949999999995 0.392266 -9.5124505
0.29419949999999995 0.392266 -9.414383999999998
0.196133 0.392266 -9.5124505
0.29419949999999995 0.392266 -9.610517
0.196133 0.29419949999999995 -9.5124505
0.29419949999999995 0.392266 -9.610517
0.196133 0.392266 -9.610517
0.29419949999999995 0.392266 -9.5124505
0.29419949999999995 0.392266 -9.610517
0.196133 0.392266 -9.5124505
0.196133 0.392266 -9.610517
0.29419949999999995 0.392266 -9.5124505
0.29419949999999995 0.392266 -9.5124505
0.196133 0.29419949999999995 -9.5124505
0.29419949999999995 0.29419949999999995 -9.610517
0.196133 0.392266 -9.5124505
0.29419949999999995 0.392266 -9.610517
0.29419949999999995 0.392266 -9.414383999999998
0.196133 0.392266 -9.610517
0.29419949999999995 0.392266 -9.5124505
0.196133 0.29419949999999995 -9.414383999999998
0.196133 0.392266 -9.5124505
0.29419949999999995 0.392266 -9.7085835
0.29419949999999995 0.392266 -9.5124505
0.196133 0.392266 -9.7085835
0.196133 0.392266 -9.5124505
0.196133 0.392266 -9.610517
0.29419949999999995 0.392266 -9.610517
0.29419949999999995 0.392266 -9.7085835
0.29419949999999995 0.392266 -9.5124505
0.29419949999999995 0.392266 -9.7085835
0.196133 0.392266 -9.5124505
0.29419949999999995 0.29419949999999995 -9.5124505
0.392266 0.392266 -9.5124505
0.196133 0.392266 -9.610517
0.29419949999999995 0.29419949999999995 -9.5124505
0.196133 0.29419949999999995 -9.610517
0.196133 0.29419949999999995 -9.5124505
0.29419949999999995 0.29419949999999995 -9.610517
0.29419949999999995 0.29419949999999995 -9.610517
0.196133 0.392266 -9.610517
0.196133 0.392266 -9.5124505
0.29419949999999995 0.4903325 -9.5124505
0.29419949999999995 0.392266 -9.610517
0.29419949999999995 0.29419949999999995 -9.5124505
0.196133 0.392266 -9.7085835
0.196133 0.29419949999999995 -9.414383999999998
0.196133 0.196133 -9.610517
0.196133 0.392266 -9.5124505
0.29419949999999995 0.392266 -9.5124505
0.196133 0.4903325 -9.5124505
0.392266 0.4903325 -9.414383999999998
0.29419949999999995 0.392266 -9.610517
0.29419949999999995 0.392266 -9.610517
0.196133 0.392266 -9.5124505
0.196133 0.29419949999999995 -9.5124505
0.196133 0.29419949999999995 -9.7085835
0.196133 0.392266 -9.5124505
0.29419949999999995 0.392266 -9.5124505
0.196133 0.392266 -9.5124505
0.29419949999999995 0.4903325 -9.610517
0.392266 0.29419949999999995 -9.610517
0.29419949999999995 0.4903325 -9.7085835
0.29419949999999995 0.196133 -9.610517
0.29419949999999995 0.29419949999999995 -9.610517
0.29419949999999995 0.392266 -9.5124505
0.196133 0.29419949999999995 -9.610517
0.392266 0.392266 -9.414383999999998
0.196133 0.4903325 -9.610517
0.196133 0.392266 -9.5124505
0.29419949999999995 0.4903325 -9.7085835
0.29419949999999995 0.29419949999999995 -9.5124505
0.196133 0.29419949999999995 -9.5124505
0.29419949999999995 0.29419949999999995 -9.610517
0.0980665 0.29419949999999995 -9.610517
0.196133 0.29419949999999995 -9.610517
0.196133 0.392266 -9.5124505
0.196133 0.392266 -9.610517
0.29419949999999995 0.4903325 -9.5124505
0.29419949999999995 0.4903325 -9.5124505
0.196133 0.4903325 -9.5124505
0.196133 0.392266 -9.5124505
0.196133 0.29419949999999995 -9.610517
0.196133 0.29419949999999995 -9.5124505
0.29419949999999995 0.29419949999999995 -9.610517
0.196133 0.29419949999999995 -9.610517
0.196133 0.392266 -9.610517
0.29419949999999995 0.4903325 -9.5124505
0.29419949999999995 0.392266 -9.5124505
0.196133 0.392266 -9.610517
0.196133 0.392266 -9.610517
0.392266 0.29419949999999995 -9.610517
0.196133 0.392266 -9.5124505
0.196133 0.392266 -9.5124505
0.29419949999999995 0.392266 -9.414383999999998
0.196133 0.4903325 -9.610517
0.29419949999999995 0.392266 -9.610517
0.196133 0.392266 -9.5124505
0.196133 0.392266 -9.5124505
0.29419949999999995 0.392266 -9.610517
0.29419949999999995 0.392266 -9.610517
0.29419949999999995 0.392266 -9.7085835
0.196133 0.392266 -9.610517
0.29419949999999995 0.29419949999999995 -9.5124505
0.196133 0.392266 -9.7085835
0.29419949999999995 0.392266 -9.5124505
0.29419949999999995 0.392266 -9.610517
0.29419949999999995 0.29419949999999995 -9.7085835
0.196133 0.29419949999999995 -9.610517
0.29419949999999995 0.392266 -9.610517
0.29419949999999995 0.392266 -9.610517
0.196133 0.392266 -9.610517
0.196133 0.392266 -9.5124505
0.196133 0.392266 -9.414383999999998
0.196133 0.29419949999999995 -9.5124505
0.29419949999999995 0.392266 -9.7085835
0.196133 0.392266 -9.7085835
0.196133 0.392266 -9.610517
0.29419949999999995 0.392266 -9.80665
0.196133 0.392266 -9.414383999999998
0.196133 0.29419949999999995 -9.5124505
0.196133 0.392266 -9.7085835
0.196133 0.392266 -9.610517
0.196133 0.29419949999999995 -9.5124505
0.196133 0.4903325 -9.5124505
0.29419949999999995 0.392266 -9.610517
0.196133 0.29419949999999995 -9.5124505
0.196133 0.4903325 -9.610517
0.196133 0.392266 -9.7085835
0.0980665 0.392266 -9.5124505
0.196133 0.392266 -9.5124505
0.196133 0.29419949999999995 -9.5124505
0.0980665 0.392266 -9.5124505
0.29419949999999995 0.392266 -9.7085835
0.196133 0.392266 -9.610517
0.196133 0.4903325 -9.610517
0.0980665 0.29419949999999995 -9.610517
0.29419949999999995 0.392266 -9.610517
0.196133 0.392266 -9.80665
0.29419949999999995 0.4903325 -9.610517
0.196133 0.29419949999999995 -9.610517
0.196133 0.29419949999999995 -9.5124505
0.29419949999999995 0.392266 -9.610517
0.196133 0.392266 -9.414383999999998
0.196133 0.392266 -9.610517
0.29419949999999995 0.29419949999999995 -9.610517
0.196133 0.29419949999999995 -9.5124505
0.196133 0.392266 -9.610517
0.29419949999999995 0.196133 -9.610517
0.29419949999999995 0.392266 -9.414383999999998
0.196133 0.392266 -9.5124505
0.29419949999999995 0.29419949999999995 -9.610517
0.29419949999999995 0.392266 -9.5124505
0.196133 0.392266 -9.610517
0.196133 0.392266 -9.414383999999998
0.196133 0.29419949999999995 -9.610517
0.196133 0.29419949999999995 -9.414383999999998
0.29419949999999995 0.29419949999999995 -9.610517
0.29419949999999995 0.392266 -9.5124505
0.196133 0.392266 -9.414383999999998
0.196133 0.392266 -9.5124505
0.29419949999999995 0.392266 -9.414383999999998
0.29419949999999995 0.392266 -9.7085835
0.196133 0.29419949999999995 -9.610517
0.196133 0.29419949999999995 -9.5124505
0.29419949999999995 0.392266 -9.5124505
0.0980665 0.29419949999999995 -9.414383999999998
0.392266 0.392266 -9.5124505
0.29419949999999995 0.5883989999999999 -9.5124505
0.392266 0.29419949999999995 -9.414383999999998
0.29419949999999995 0.4903325 -9.7085835
0.196133 0.4903325 -9.5124505
0.0980665 0.29419949999999995 -9.414383999999998
0.196133 0.29419949999999995 -9.7085835
0.196133 0.392266 -9.5124505
0.196133 0.392266 -9.414383999999998
0.392266 0.392266 -9.610517
0.29419949999999995 0.4903325 -9.610517
0.29419949999999995 0.4903325 -9.414383999999998
0.29419949999999995 0.392266 -9.610517
0.29419949999999995 0.392266 -9.7085835
0.29419949999999995 0.392266 -9.414383999999998
0.196133 0.29419949999999995 -9.414383999999998
0.0980665 0.0980665 -9.7085835
0.196133 0.29419949999999995 -9.610517
0.29419949999999995 0.29419949999999995 -9.610517
0.196133 0.392266 -9.610517
0.29419949999999995 0.5883989999999999 -9.610517
0.392266 0.4903325 -9.610517
0.196133 0.4903325 -9.7085835
0.196133 0.392266 -9.610517
0.29419949999999995 0.196133 -9.5124505
0.29419949999999995 0.29419949999999995 -9.610517
0.196133 0.0980665 -9.610517
0.196133 0.196133 -9.610517
0.0980665 0.392266 -9.5124505
0.29419949999999995 0.29419949999999995 -9.5124505
0.29419949999999995 0.4903325 -9.610517
0.29419949999999995 0.5883989999999999 -9.5124505
0.29419949999999995 0.4903325 -9.5124505
0.29419949999999995 0.392266 -9.610517
0.0980665 0.29419949999999995 -9.5124505
0.29419949999999995 0.29419949999999995 -9.414383999999998
0.196133 0.196133 -9.5124505
0.29419949999999995 0.29419949999999995 -9.5124505
0.29419949999999995 0.392266 -9.414383999999998
0.29419949999999995 0.392266 -9.414383999999998
0.196133 0.4903325 -9.7085835
0.29419949999999995 0.392266 -9.7085835
0.29419949999999995 0.4903325 -9.5124505
0.0980665 0.29419949999999995 -9.5124505
0.196133 0.196133 -9.414383999999998
0.196133 0.29419949999999995 -9.610517
0.196133 0.392266 -9.414383999999998
0.196133 0.392266 -9.5124505
0.29419949999999995 0.4903325 -9.610517
0.29419949999999995 0.4903325 -9.5124505
0.196133 0.4903325 -9.5124505
0.29419949999999995 0.392266 -9.5124505
0.196133 0.392266 -9.80665
0.196133 0.29419949999999995 -9.610517
0.196133 0.392266 -9.610517
0.196133 0.4903325 -9.610517
0.196133 0.392266 -9.5124505
0.196133 0.392266 -9.414383999999998
0.29419949999999995 0.392266 -9.610517
0.29419949999999995 0.4903325 -9.5124505
0.29419949999999995 0.392266 -9.7085835
0.196133 0.29419949999999995 -9.5124505
0.196133 0.392266 -9.5124505
0.196133 0.29419949999999995 -9.610517
0.196133 0.29419949999999995 -9.5124505
0.196133 0.392266 -9.610517
0.29419949999999995 0.29419949999999995 -9.610517
0.29419949999999995 0.392266 -9.5124505
0.29419949999999995 0.392266 -9.610517
0.392266 0.29419949999999995 -9.610517
0.29419949999999995 0.29419949999999995 -9.7085835
0.196133 0.392266 -9.5124505
0.29419949999999995 0.392266 -9.80665
0.29419949999999995 0.392266 -9.5124505
0.196133 0.392266 -9.7085835
0.196133 0.4903325 -9.5124505
0.29419949999999995 0.29419949999999995 -9.610517
0.196133 0.392266 -9.610517
0.29419949999999995 0.392266 -9.7085835
0.196133 0.4903325 -9.610517
0.29419949999999995 0.392266 -9.5124505
0.29419949999999995 0.392266 -9.610517
0.29419949999999995 0.392266 -9.610517
0.196133 0.392266 -9.7085835
0.29419949999999995 0.392266 -9.5124505
0.196133 0.4903325 -9.610517
0.196133 0.392266 -9.5124505
0.29419949999999995 0.29419949999999995 -9.7085835
0.29419949999999995 0.392266 -9.610517
0.29419949999999995 0.29419949999999995 -9.414383999999998
0.29419949999999995 0.392266 -9.610517
0.29419949999999995 0.392266 -9.5124505
0.29419949999999995 0.392266 -9.5124505
0.196133 0.392266 -9.414383999999998
0.29419949999999995 0.29419949999999995 -9.5124505
0.196133 0.392266 -9.5124505
0.196133 0.392266 -9.610517
0.196133 0.392266 -9.610517
0.29419949999999995 0.392266 -9.610517
0.29419949999999995 0.392266 -9.610517
0.196133 0.392266 -9.5124505
0.29419949999999995 0.392266 -9.414383999999998
0.29419949999999995 0.196133 -9.316317499999998
0.196133 0.29419949999999995 -9.5124505
0.196133 0.392266 -9.7085835
0.29419949999999995 0.29419949999999995 -9.5124505
0.196133 0.392266 -9.610517
0.196133 0.392266 -9.610517
0.29419949999999995 0.392266 -9.610517
0.196133 0.392266 -9.5124505
0.196133 0.392266 -9.5124505
0.196133 0.29419949999999995 -9.5124505
0.196133 0.196133 -9.5124505
0.196133 0.392266 -9.7085835
0.29419949999999995 0.392266 -9.610517
0.29419949999999995 0.392266 -9.610517
0.29419949999999995 0.392266 -9.610517
0.29419949999999995 0.392266 -9.610517
0.196133 0.29419949999999995 -9.610517
0.196133 0.392266 -9.5124505
0.196133 0.392266 -9.610517
0.196133 0.392266 -9.610517
0.196133 0.392266 -9.5124505
0.196133 0.392266 -9.414383999999998
0.29419949999999995 0.392266 -9.610517
0.29419949999999995 0.29419949999999995 -9.610517
0.29419949999999995 0.29419949999999995 -9.610517
0.29419949999999995 0.29419949999999995 -9.5124505
0.196133 0.392266 -9.5124505
0.29419949999999995 0.392266 -9.610517
0.29419949999999995 0.392266 -9.7085835
0.29419949999999995 0.392266 -9.610517
0.29419949999999995 0.392266 -9.610517
0.29419949999999995 0.29419949999999995 -9.5124505
0.196133 0.4903325 -9.5124505
0.29419949999999995 0.29419949999999995 -9.5124505
0.196133 0.392266 -9.414383999999998
0.196133 0.392266 -9.610517
0.196133 0.392266 -9.5124505
0.29419949999999995 0.29419949999999995 -9.610517
0.29419949999999995 0.392266 -9.5124505
0.196133 0.392266 -9.414383999999998
0.196133 0.29419949999999995 -9.7085835
0.29419949999999995 0.392266 -9.7085835
0.29419949999999995 0.392266 -9.5124505
0.196133 0.392266 -9.7085835
0.29419949999999995 0.4903325 -9.5124505
0.196133 0.392266 -9.5124505
0.196133 0.392266 -9.610517
0.29419949999999995 0.392266 -9.7085835
0.196133 0.29419949999999995 -9.7085835
0.196133 0.196133 -9.610517
0.196133 0.392266 -9.610517
0.196133 0.29419949999999995 -9.610517
0.29419949999999995 0.392266 -9.5124505
0.196133 0.392266 -9.610517
0.196133 0.29419949999999995 -9.610517
0.196133 0.392266 -9.610517
0.196133 0.392266 -9.610517
0.196133 0.392266 -9.610517
0.196133 0.392266 -9.610517
0.29419949999999995 0.392266 -9.5124505
0.196133 0.392266 -9.7085835
0.196133 0.392266 -9.5124505
0.29419949999999995 0.392266 -9.414383999999998
0.29419949999999995 0.392266 -9.610517
0.29419949999999995 0.29419949999999995 -9.414383999999998
0.29419949999999995 0.29419949999999995 -9.5124505
0.29419949999999995 0.4903325 -9.610517
0.29419949999999995 0.392266 -9.610517
0.29419949999999995 0.392266 -9.610517
0.29419949999999995 0.29419949999999995 -9.5124505
0.196133 0.392266 -9.5124505
0.29419949999999995 0.392266 -9.610517
0.196133 0.392266 -9.5124505
0.29419949999999995 0.392266 -9.5124505
0.196133 0.392266 -9.414383999999998
0.29419949999999995 0.29419949999999995 -9.610517
0.29419949999999995 0.29419949999999995 -9.610517
0.196133 0.29419949999999995 -9.414383999999998
0.29419949999999995 0.4903325 -9.610517
0.196133 0.29419949999999995 -9.5124505
0.196133 0.392266 -9.610517
0.29419949999999995 0.392266 -9.7085835
0.29419949999999995 0.29419949999999995 -9.5124505
0.29419949999999995 0.392266 -9.610517
0.29419949999999995 0.29419949999999995 -9.5124505
0.29419949999999995 0.392266 -9.5124505
0.196133 0.4903325 -9.414383999999998
0.29419949999999995 0.4903325 -9.5124505
0.196133 0.29419949999999995 -9.610517
0.29419949999999995 0.29419949999999995 -9.610517
0.29419949999999995 0.392266 -9.5124505
0.196133 0.392266 -9.610517
0.196133 0.4903325 -9.5124505
0.196133 0.392266 -9.5124505
0.196133 0.4903325 -9.5124505
0.29419949999999995 0.29419949999999995 -9.5124505
0.392266 0.392266 -9.414383999999998
0.29419949999999995 0.29419949999999995 -9.414383999999998
0.29419949999999995 0.29419949999999995 -9.7085835
0.196133 0.392266 -9.5124505
0.29419949999999995 0.392266 -9.5124505
0.196133 0.392266 -9.610517
0.29419949999999995 0.29419949999999995 -9.610517
0.29419949999999995 0.4903325 -9.610517
0.29419949999999995 0.4903325 -9.610517
0.196133 0.29419949999999995 -9.610517
0.29419949999999995 0.392266 -9.610517
0.196133 0.392266 -9.610517
0.29419949999999995 0.392266 -9.610517
0.196133 0.392266 -9.5124505
0.29419949999999995 0.29419949999999995 -9.610517
0.196133 0.392266 -9.610517
0.29419949999999995 0.4903325 -9.610517
0.29419949999999995 0.29419949999999995 -9.5124505
0.196133 0.29419949999999995 -9.610517
0.196133 0.392266 -9.610517
0.196133 0.392266 -9.7085835
0.29419949999999995 0.29419949999999995 -9.5124505
0.196133 0.392266 -9.610517
0.29419949999999995 0.29419949999999995 -9.610517
0.196133 0.29419949999999995 -9.80665
0.196133 0.392266 -9.5124505
0.196133 0.29419949999999995 -9.610517
0.196133 0.392266 -9.5124505
0.196133 0.29419949999999995 -9.5124505
0.196133 0.29419949999999995 -9.610517
0.29419949999999995 0.392266 -9.610517
0.29419949999999995 0.392266 -9.7085835
0.196133 0.392266 -9.610517
0.29419949999999995 0.29419949999999995 -9.5124505
0.29419949999999995 0.4903325 -9.414383999999998
0.196133 0.392266 -9.610517
0.196133 0.392266 -9.5124505
0.196133 0.29419949999999995 -9.5124505
0.196133 0.392266 -9.414383999999998
0.29419949999999995 0.29419949999999995 -9.5124505
