-0.02548180707911721 0.01815142422074103 -0.03717551306747922
-0.02548180707911721 0.017104226669544427 -0.03717551306747922
-0.023387411976724018 0.014835298641951801 -0.038397243543875255
-0.026529004630313806 0.012740903539558606 -0.038397243543875255
-0.023387411976724018 0.0158824961931484 -0.038397243543875255
-0.026529004630313806 0.020245819323134222 -0.038397243543875255
-0.02548180707911721 0.013788101090755204 -0.03717551306747922
-0.024434609527920613 0.013788101090755204 -0.038397243543875255
-0.026529004630313806 0.0158824961931484 -0.03944444109507184
-0.02548180707911721 0.019198621771937627 -0.038397243543875255
-0.02548180707911721 0.017104226669544427 -0.03717551306747922
-0.02775073510670984 0.013788101090755204 -0.03612831551628262
-0.026529004630313806 0.014835298641951801 -0.03612831551628262
-0.026529004630313806 0.0158824961931484 -0.038397243543875255
-0.026529004630313806 0.017104226669544427 -0.03717551306747922
-0.02548180707911721 0.019198621771937627 -0.03717551306747922
-0.02775073510670984 0.0158824961931484 -0.03508111796508602
-0.026529004630313806 0.0158824961931484 -0.03944444109507184
-0.02548180707911721 0.017104226669544427 -0.03612831551628262
-0.024434609527920613 0.017104226669544427 -0.03717551306747922
-0.02548180707911721 0.0158824961931484 -0.03612831551628262
-0.02775073510670984 0.014835298641951801 -0.03717551306747922
-0.02548180707911721 0.017104226669544427 -0.03717551306747922
-0.02548180707911721 0.017104226669544427 -0.03717551306747922
-0.026529004630313806 0.01815142422074103 -0.03612831551628262
-0.02548180707911721 0.0158824961931484 -0.038397243543875255
-0.02548180707911721 0.01815142422074103 -0.03717551306747922
-0.026529004630313806 0.017104226669544427 -0.038397243543875255
-0.026529004630313806 0.013788101090755204 -0.03717551306747922
-0.026529004630313806 0.0158824961931484 -0.03612831551628262
-0.026529004630313806 0.017104226669544427 -0.038397243543875255
-0.02548180707911721 0.01815142422074103 -0.038397243543875255
-0.024434609527920613 0.014835298641951801 -0.040491638646268445
-0.026529004630313806 0.017104226669544427 -0.040491638646268445
-0.02775073510670984 0.0158824961931484 -0.040491638646268445
-0.026529004630313806 0.017104226669544427 -0.038397243543875255
-0.026529004630313806 0.017104226669544427 -0.03717551306747922
-0.026529004630313806 0.011693705988362009 -0.03717551306747922
-0.02548180707911721 0.01815142422074103 -0.03612831551628262
-0.026529004630313806 0.01815142422074103 -0.038397243543875255
-0.02775073510670984 0.0158824961931484 -0.03717551306747922
-0.02548180707911721 0.017104226669544427 -0.03717551306747922
-0.02775073510670984 0.014835298641951801 -0.03612831551628262
-0.026529004630313806 0.017104226669544427 -0.03612831551628262
-0.026529004630313806 0.0158824961931484 -0.038397243543875255
-0.02548180707911721 0.0158824961931484 -0.03612831551628262
-0.024434609527920613 0.01815142422074103 -0.03944444109507184
-0.026529004630313806 0.0158824961931484 -0.03717551306747922
-0.02548180707911721 0.0158824961931484 -0.03944444109507184
-0.02548180707911721 0.017104226669544427 -0.038397243543875255
-0.02548180707911721 0.017104226669544427 -0.038397243543875255
-0.026529004630313806 0.01815142422074103 -0.03944444109507184
-0.02775073510670984 0.01815142422074103 -0.03717551306747922
-0.02548180707911721 0.017104226669544427 -0.038397243543875255
-0.024434609527920613 0.0158824961931484 -0.03508111796508602
-0.02548180707911721 0.011693705988362009 -0.03717551306747922
-0.026529004630313806 0.01815142422074103 -0.03612831551628262
-0.024434609527920613 0.017104226669544427 -0.03612831551628262
-0.02775073510670984 0.0158824961931484 -0.03612831551628262
-0.02775073510670984 0.017104226669544427 -0.03717551306747922
-0.02775073510670984 0.017104226669544427 -0.040491638646268445
-0.024434609527920613 0.0158824961931484 -0.03944444109507184
-0.02775073510670984 0.01815142422074103 -0.038397243543875255
-0.024434609527920613 0.017104226669544427 -0.03717551306747922
-0.024434609527920613 0.013788101090755204 -0.03944444109507184
-0.02548180707911721 0.013788101090755204 -0.03612831551628262
-0.026529004630313806 0.017104226669544427 -0.040491638646268445
-0.02548180707911721 0.017104226669544427 -0.03717551306747922
-0.02548180707911721 0.019198621771937627 -0.03612831551628262
-0.026529004630313806 0.0158824961931484 -0.03944444109507184
-0.02548180707911721 0.017104226669544427 -0.03717551306747922
-0.024434609527920613 0.017104226669544427 -0.038397243543875255
-0.026529004630313806 0.017104226669544427 -0.03612831551628262
-0.02548180707911721 0.0158824961931484 -0.03944444109507184
-0.02548180707911721 0.020245819323134222 -0.040491638646268445
-0.02548180707911721 0.013788101090755204 -0.03717551306747922
-0.02775073510670984 0.014835298641951801 -0.038397243543875255
-0.024434609527920613 0.0158824961931484 -0.038397243543875255
-0.024434609527920613 0.01815142422074103 -0.040491638646268445
-0.02548180707911721 0.0158824961931484 -0.03612831551628262
-0.02548180707911721 0.014835298641951801 -0.038397243543875255
-0.024434609527920613 0.017104226669544427 -0.03717551306747922
-0.023387411976724018 0.0158824961931484 -0.03717551306747922
-0.02548180707911721 0.0158824961931484 -0.03717551306747922
-0.026529004630313806 0.017104226669544427 -0.03612831551628262
-0.028797932657906436 0.019198621771937627 -0.038397243543875255
-0.026529004630313806 0.014835298641951801 -0.038397243543875255
-0.02775073510670984 0.017104226669544427 -0.03944444109507184
-0.026529004630313806 0.0158824961931484 -0.03944444109507184
-0.02548180707911721 0.017104226669544427 -0.03717551306747922
-0.026529004630313806 0.017104226669544427 -0.03508111796508602
-0.02548180707911721 0.0158824961931484 -0.038397243543875255
-0.02548180707911721 0.017104226669544427 -0.03612831551628262
-0.026529004630313806 0.0158824961931484 -0.03944444109507184
-0.026529004630313806 0.017104226669544427 -0.03944444109507184
-0.026529004630313806 0.017104226669544427 -0.03717551306747922
-0.02548180707911721 0.017104226669544427 -0.03944444109507184
-0.023387411976724018 0.0158824961931484 -0.038397243543875255
-0.02548180707911721 0.013788101090755204 -0.038397243543875255
-0.026529004630313806 0.01815142422074103 -0.03944444109507184
-0.023387411976724018 0.019198621771937627 -0.03944444109507184
-0.026529004630313806 0.013788101090755204 -0.038397243543875255
-0.024434609527920613 0.01815142422074103 -0.03717551306747922
-0.02548180707911721 0.017104226669544427 -0.03717551306747922
-0.026529004630313806 0.014835298641951801 -0.03508111796508602
-0.02548180707911721 0.0158824961931484 -0.03944444109507184
-0.02775073510670984 0.0158824961931484 -0.03717551306747922
-0.02775073510670984 0.017104226669544427 -0.03944444109507184
-0.026529004630313806 0.020245819323134222 -0.03944444109507184
-0.02548180707911721 0.017104226669544427 -0.038397243543875255
-0.026529004630313806 0.017104226669544427 -0.03717551306747922
-0.02548180707911721 0.019198621771937627 -0.03944444109507184
-0.02548180707911721 0.0158824961931484 -0.03612831551628262
-0.023387411976724018 0.014835298641951801 -0.03717551306747922
-0.02548180707911721 0.012740903539558606 -0.03612831551628262
-0.024434609527920613 0.013788101090755204 -0.03717551306747922
-0.026529004630313806 0.01815142422074103 -0.03944444109507184
-0.02775073510670984 0.02234021442552742 -0.03717551306747922
-0.02548180707911721 0.017104226669544427 -0.03944444109507184
-0.02775073510670984 0.0158824961931484 -0.038397243543875255
-0.026529004630313806 0.020245819323134222 -0.03944444109507184
-0.02775073510670984 0.02234021442552742 -0.038397243543875255
-0.026529004630313806 0.017104226669544427 -0.038397243543875255
-0.023387411976724018 0.012740903539558606 -0.03717551306747922
-0.02775073510670984 0.01064650843716541 -0.03508111796508602
-0.026529004630313806 0.014835298641951801 -0.03612831551628262
-0.026529004630313806 0.019198621771937627 -0.03944444109507184
-0.02775073510670984 0.02234021442552742 -0.03944444109507184
-0.02775073510670984 0.017104226669544427 -0.03717551306747922
-0.02548180707911721 0.011693705988362009 -0.03612831551628262
-0.026529004630313806 0.0158824961931484 -0.038397243543875255
-0.02548180707911721 0.02234021442552742 -0.03944444109507184
-0.02548180707911721 0.023387411976724018 -0.03717551306747922
-0.024434609527920613 0.019198621771937627 -0.038397243543875255
-0.024434609527920613 0.01064650843716541 -0.034033920413889425
-0.024434609527920613 0.012740903539558606 -0.03612831551628262
-0.023387411976724018 0.0158824961931484 -0.03508111796508602
-0.02548180707911721 0.013788101090755204 -0.03944444109507184
-0.02548180707911721 0.013788101090755204 -0.03508111796508602
-0.029845130209103034 0.02234021442552742 -0.038397243543875255
-0.029845130209103034 0.02234021442552742 -0.04258603374866164
-0.02548180707911721 0.02234021442552742 -0.03612831551628262
-0.02548180707911721 0.02234021442552742 -0.03717551306747922
-0.023387411976724018 0.011693705988362009 -0.03612831551628262
-0.023387411976724018 0.0041887902047863905 -0.034033920413889425
-0.02548180707911721 0.01064650843716541 -0.03612831551628262
-0.024434609527920613 0.01815142422074103 -0.03944444109507184
-0.028797932657906436 0.020245819323134222 -0.03944444109507184
-0.028797932657906436 0.023387411976724018 -0.040491638646268445
-0.028797932657906436 0.01815142422074103 -0.038397243543875255
-0.02548180707911721 0.02234021442552742 -0.03612831551628262
-0.023387411976724018 0.020245819323134222 -0.038397243543875255
-0.023387411976724018 0.005235987755982988 -0.03717551306747922
-0.024434609527920613 0.005235987755982988 -0.03508111796508602
-0.02548180707911721 0.013788101090755204 -0.038397243543875255
-0.02548180707911721 0.02234021442552742 -0.040491638646268445
-0.026529004630313806 0.02775073510670984 -0.04153883619746504
-0.026529004630313806 0.02234021442552742 -0.04258603374866164
-0.02548180707911721 0.0158824961931484 -0.040491638646268445
-0.024434609527920613 0.01064650843716541 -0.03944444109507184
-0.023387411976724018 0.013788101090755204 -0.03717551306747922
-0.02548180707911721 0.019198621771937627 -0.03298672286269282
-0.02548180707911721 0.014835298641951801 -0.03944444109507184
-0.02548180707911721 0.012740903539558606 -0.03612831551628262
-0.026529004630313806 0.01815142422074103 -0.040491638646268445
-0.026529004630313806 0.02234021442552742 -0.03944444109507184
-0.02775073510670984 0.02234021442552742 -0.040491638646268445
-0.02775073510670984 0.01815142422074103 -0.038397243543875255
-0.026529004630313806 0.014835298641951801 -0.03508111796508602
-0.023387411976724018 0.012740903539558606 -0.038397243543875255
-0.024434609527920613 0.013788101090755204 -0.03612831551628262
-0.02775073510670984 0.013788101090755204 -0.03944444109507184
-0.024434609527920613 0.0158824961931484 -0.03717551306747922
-0.02548180707911721 0.017104226669544427 -0.038397243543875255
-0.026529004630313806 0.0158824961931484 -0.040491638646268445
-0.028797932657906436 0.019198621771937627 -0.038397243543875255
-0.02775073510670984 0.020245819323134222 -0.03944444109507184
-0.026529004630313806 0.017104226669544427 -0.04258603374866164
-0.02548180707911721 0.012740903539558606 -0.03717551306747922
-0.02775073510670984 0.013788101090755204 -0.03612831551628262
-0.026529004630313806 0.014835298641951801 -0.03717551306747922
-0.02548180707911721 0.01815142422074103 -0.03612831551628262
-0.026529004630313806 0.0158824961931484 -0.03717551306747922
-0.02775073510670984 0.020245819323134222 -0.03612831551628262
-0.02548180707911721 0.019198621771937627 -0.03944444109507184
-0.02548180707911721 0.017104226669544427 -0.03944444109507184
-0.02548180707911721 0.01815142422074103 -0.03508111796508602
-0.026529004630313806 0.0158824961931484 -0.03944444109507184
-0.024434609527920613 0.012740903539558606 -0.03508111796508602
-0.024434609527920613 0.013788101090755204 -0.03944444109507184
-0.024434609527920613 0.013788101090755204 -0.040491638646268445
-0.02548180707911721 0.019198621771937627 -0.03717551306747922
-0.026529004630313806 0.01815142422074103 -0.040491638646268445
-0.024434609527920613 0.017104226669544427 -0.038397243543875255
-0.026529004630313806 0.0158824961931484 -0.03717551306747922
-0.02548180707911721 0.014835298641951801 -0.03944444109507184
-0.02548180707911721 0.017104226669544427 -0.034033920413889425
-0.024434609527920613 0.014835298641951801 -0.03612831551628262
-0.02548180707911721 0.014835298641951801 -0.03944444109507184
-0.02775073510670984 0.01815142422074103 -0.03717551306747922
-0.02775073510670984 0.01815142422074103 -0.03717551306747922
-0.02775073510670984 0.017104226669544427 -0.040491638646268445
-0.026529004630313806 0.0158824961931484 -0.03717551306747922
-0.02548180707911721 0.0158824961931484 -0.038397243543875255
-0.02548180707911721 0.014835298641951801 -0.03717551306747922
-0.02548180707911721 0.017104226669544427 -0.03717551306747922
-0.026529004630313806 0.017104226669544427 -0.03717551306747922
-0.024434609527920613 0.017104226669544427 -0.03717551306747922
-0.026529004630313806 0.017104226669544427 -0.03717551306747922
-0.02548180707911721 0.017104226669544427 -0.03717551306747922
-0.026529004630313806 0.0158824961931484 -0.03944444109507184
-0.026529004630313806 0.0158824961931484 -0.03717551306747922
-0.02548180707911721 0.014835298641951801 -0.03944444109507184
-0.024434609527920613 0.014835298641951801 -0.03944444109507184
-0.02548180707911721 0.014835298641951801 -0.038397243543875255
-0.026529004630313806 0.01815142422074103 -0.03612831551628262
-0.023387411976724018 0.017104226669544427 -0.03944444109507184
-0.024434609527920613 0.0158824961931484 -0.03717551306747922
-0.02775073510670984 0.017104226669544427 -0.03612831551628262
-0.02548180707911721 0.017104226669544427 -0.038397243543875255
-0.02775073510670984 0.0158824961931484 -0.03717551306747922
-0.02548180707911721 0.0158824961931484 -0.03717551306747922
-0.026529004630313806 0.01815142422074103 -0.03717551306747922
-0.026529004630313806 0.01815142422074103 -0.03717551306747922
-0.026529004630313806 0.01815142422074103 -0.03944444109507184
-0.02548180707911721 0.017104226669544427 -0.038397243543875255
-0.028797932657906436 0.0158824961931484 -0.03717551306747922
-0.02548180707911721 0.0158824961931484 -0.03717551306747922
-0.026529004630313806 0.017104226669544427 -0.038397243543875255
-0.026529004630313806 0.017104226669544427 -0.03508111796508602
-0.02775073510670984 0.0158824961931484 -0.038397243543875255
-0.026529004630313806 0.014835298641951801 -0.03717551306747922
-0.026529004630313806 0.0158824961931484 -0.03612831551628262
-0.02548180707911721 0.017104226669544427 -0.038397243543875255
-0.026529004630313806 0.0158824961931484 -0.03717551306747922
-0.024434609527920613 0.01815142422074103 -0.03717551306747922
-0.02548180707911721 0.017104226669544427 -0.038397243543875255
-0.02548180707911721 0.017104226669544427 -0.03612831551628262
-0.02775073510670984 0.0158824961931484 -0.03717551306747922
-0.026529004630313806 0.017104226669544427 -0.03612831551628262
-0.024434609527920613 0.014835298641951801 -0.03717551306747922
-0.024434609527920613 0.017104226669544427 -0.03944444109507184
-0.02775073510670984 0.017104226669544427 -0.03717551306747922
-0.02129301687433082 0.02234021442552742 -0.03717551306747922
-0.024434609527920613 0.034033920413889425 -0.03717551306747922
-0.04258603374866164 0.012740903539558606 -0.031939525311496235
-0.023387411976724018 0.014835298641951801 -0.031939525311496235
-0.023387411976724018 0.023387411976724018 -0.03298672286269282
-0.02234021442552742 0.0010471975511965976 -0.034033920413889425
-0.029845130209103034 0.00645771823237902 -0.031939525311496235
-0.023387411976724018 0.00645771823237902 -0.03612831551628262
-0.020245819323134222 0.01064650843716541 -0.040491638646268445
-0.031939525311496235 0.04258603374866164 -0.03944444109507184
-0.028797932657906436 0.03508111796508602 -0.045727626402251434
-0.023387411976724018 0.00645771823237902 -0.040491638646268445
-0.026529004630313806 0.007504915783575617 -0.04153883619746504
-0.029845130209103034 0.023387411976724018 -0.04153883619746504
-0.023387411976724018 0.031939525311496235 -0.038397243543875255
-0.02129301687433082 0.01064650843716541 -0.03717551306747922
-0.028797932657906436 -0.008552113334772213 -0.034033920413889425
-0.023387411976724018 0.005235987755982988 -0.03612831551628262
-0.023387411976724018 0.024434609527920613 -0.040491638646268445
-0.028797932657906436 0.02775073510670984 -0.04363323129985824
-0.03089232776029963 0.024434609527920613 -0.03944444109507184
-0.02775073510670984 0.01815142422074103 -0.04363323129985824
-0.02548180707911721 0.008552113334772213 -0.03944444109507184
-0.03089232776029963 0.01815142422074103 -0.04153883619746504
-0.02775073510670984 0.026529004630313806 -0.038397243543875255
-0.023387411976724018 0.0158824961931484 -0.03612831551628262
-0.024434609527920613 0.01064650843716541 -0.03612831551628262
-0.024434609527920613 0.0041887902047863905 -0.03944444109507184
-0.023387411976724018 0.012740903539558606 -0.03612831551628262
-0.028797932657906436 0.02548180707911721 -0.040491638646268445
-0.03089232776029963 0.028797932657906436 -0.04258603374866164
-0.02548180707911721 0.017104226669544427 -0.03944444109507184
-0.024434609527920613 0.012740903539558606 -0.04153883619746504
-0.02775073510670984 0.013788101090755204 -0.038397243543875255
-0.02129301687433082 0.0158824961931484 -0.03508111796508602
-0.02548180707911721 0.0158824961931484 -0.038397243543875255
-0.026529004630313806 0.0158824961931484 -0.03508111796508602
-0.02775073510670984 0.0158824961931484 -0.03717551306747922
-0.024434609527920613 0.01064650843716541 -0.03944444109507184
-0.029845130209103034 0.014835298641951801 -0.040491638646268445
-0.028797932657906436 0.020245819323134222 -0.038397243543875255
-0.026529004630313806 0.020245819323134222 -0.038397243543875255
-0.02548180707911721 0.013788101090755204 -0.03717551306747922
-0.02548180707911721 0.01064650843716541 -0.03717551306747922
-0.024434609527920613 0.014835298641951801 -0.03944444109507184
-0.023387411976724018 0.019198621771937627 -0.03717551306747922
-0.02775073510670984 0.01815142422074103 -0.03944444109507184
-0.026529004630313806 0.013788101090755204 -0.03612831551628262
-0.02548180707911721 0.017104226669544427 -0.03944444109507184
-0.024434609527920613 0.019198621771937627 -0.03944444109507184
-0.026529004630313806 0.0158824961931484 -0.03944444109507184
-0.026529004630313806 0.017104226669544427 -0.03944444109507184
-0.023387411976724018 0.0158824961931484 -0.038397243543875255
-0.024434609527920613 0.013788101090755204 -0.03717551306747922
-0.029845130209103034 0.017104226669544427 -0.03717551306747922
-0.026529004630313806 0.02548180707911721 -0.03944444109507184
-0.02548180707911721 0.017104226669544427 -0.03717551306747922
-0.024434609527920613 0.01064650843716541 -0.03944444109507184
-0.02775073510670984 0.0158824961931484 -0.03944444109507184
-0.02548180707911721 0.02234021442552742 -0.038397243543875255
-0.024434609527920613 0.020245819323134222 -0.040491638646268445
-0.02775073510670984 0.011693705988362009 -0.038397243543875255
-0.02775073510670984 0.013788101090755204 -0.038397243543875255
-0.023387411976724018 0.019198621771937627 -0.038397243543875255
-0.02775073510670984 0.0158824961931484 -0.03717551306747922
-0.02775073510670984 0.017104226669544427 -0.03612831551628262
-0.02548180707911721 0.019198621771937627 -0.03612831551628262
-0.024434609527920613 0.01815142422074103 -0.03612831551628262
-0.026529004630313806 0.01064650843716541 -0.03717551306747922
-0.02775073510670984 0.012740903539558606 -0.03508111796508602
-0.023387411976724018 0.020245819323134222 -0.03717551306747922
-0.02548180707911721 0.017104226669544427 -0.03612831551628262
-0.02775073510670984 0.012740903539558606 -0.03717551306747922
-0.02548180707911721 0.019198621771937627 -0.038397243543875255
-0.020245819323134222 0.01815142422074103 -0.03944444109507184
-0.02234021442552742 0.013788101090755204 -0.03944444109507184
-0.029845130209103034 0.014835298641951801 -0.03612831551628262
-0.023387411976724018 0.023387411976724018 -0.038397243543875255
-0.02548180707911721 0.012740903539558606 -0.038397243543875255
-0.02775073510670984 0.011693705988362009 -0.03717551306747922
-0.02775073510670984 0.017104226669544427 -0.038397243543875255
-0.024434609527920613 0.023387411976724018 -0.03717551306747922
-0.023387411976724018 0.01815142422074103 -0.03717551306747922
-0.026529004630313806 0.01064650843716541 -0.03717551306747922
-0.02548180707911721 0.017104226669544427 -0.03612831551628262
-0.02234021442552742 0.024434609527920613 -0.03717551306747922
-0.02775073510670984 0.013788101090755204 -0.03717551306747922
-0.026529004630313806 0.011693705988362009 -0.040491638646268445
-0.024434609527920613 0.019198621771937627 -0.034033920413889425
-0.02548180707911721 0.01815142422074103 -0.038397243543875255
-0.028797932657906436 0.014835298641951801 -0.038397243543875255
-0.02775073510670984 0.0158824961931484 -0.038397243543875255
-0.024434609527920613 0.020245819323134222 -0.03612831551628262
-0.023387411976724018 0.013788101090755204 -0.03944444109507184
-0.02775073510670984 0.011693705988362009 -0.03944444109507184
-0.028797932657906436 0.020245819323134222 -0.03944444109507184
-0.024434609527920613 0.02234021442552742 -0.038397243543875255
-0.026529004630313806 0.017104226669544427 -0.040491638646268445
-0.02775073510670984 0.011693705988362009 -0.03717551306747922
-0.026529004630313806 0.020245819323134222 -0.03944444109507184
-0.024434609527920613 0.02234021442552742 -0.038397243543875255
-0.02548180707911721 0.012740903539558606 -0.03612831551628262
-0.026529004630313806 0.013788101090755204 -0.03717551306747922
-0.02548180707911721 0.019198621771937627 -0.038397243543875255
-0.02548180707911721 0.0158824961931484 -0.038397243543875255
-0.026529004630313806 0.017104226669544427 -0.038397243543875255
-0.02775073510670984 0.01815142422074103 -0.03717551306747922
-0.02548180707911721 0.01815142422074103 -0.03944444109507184
-0.026529004630313806 0.017104226669544427 -0.03944444109507184
-0.02775073510670984 0.017104226669544427 -0.038397243543875255
-0.02548180707911721 0.017104226669544427 -0.038397243543875255
-0.024434609527920613 0.0158824961931484 -0.03944444109507184
-0.02775073510670984 0.0158824961931484 -0.038397243543875255
-0.026529004630313806 0.0158824961931484 -0.03944444109507184
-0.024434609527920613 0.019198621771937627 -0.038397243543875255
-0.02548180707911721 0.0158824961931484 -0.038397243543875255
-0.026529004630313806 0.017104226669544427 -0.03612831551628262
-0.02548180707911721 0.0158824961931484 -0.03717551306747922
-0.026529004630313806 0.0158824961931484 -0.038397243543875255
-0.02775073510670984 0.017104226669544427 -0.03944444109507184
-0.02775073510670984 0.013788101090755204 -0.03944444109507184
-0.026529004630313806 0.020245819323134222 -0.03944444109507184
-0.02548180707911721 0.017104226669544427 -0.03944444109507184
-0.028797932657906436 0.0158824961931484 -0.03717551306747922
-0.024434609527920613 0.019198621771937627 -0.038397243543875255
-0.024434609527920613 0.0158824961931484 -0.03717551306747922
-0.024434609527920613 0.013788101090755204 -0.038397243543875255
-0.02548180707911721 0.0158824961931484 -0.038397243543875255
-0.02548180707911721 0.02234021442552742 -0.03717551306747922
-0.024434609527920613 0.017104226669544427 -0.038397243543875255
-0.026529004630313806 0.012740903539558606 -0.03717551306747922
-0.026529004630313806 0.01815142422074103 -0.038397243543875255
-0.023387411976724018 0.02234021442552742 -0.03717551306747922
-0.026529004630313806 0.019198621771937627 -0.03717551306747922
-0.02548180707911721 0.012740903539558606 -0.03717551306747922
-0.026529004630313806 0.017104226669544427 -0.03612831551628262
-0.023387411976724018 0.017104226669544427 -0.03717551306747922
-0.026529004630313806 0.014835298641951801 -0.03944444109507184
-0.029845130209103034 0.013788101090755204 -0.03717551306747922
-0.024434609527920613 0.01815142422074103 -0.03717551306747922
-0.02548180707911721 0.0158824961931484 -0.03612831551628262
-0.024434609527920613 0.012740903539558606 -0.038397243543875255
-0.026529004630313806 0.017104226669544427 -0.038397243543875255
-0.026529004630313806 0.01815142422074103 -0.03944444109507184
-0.02548180707911721 0.017104226669544427 -0.03717551306747922
-0.028797932657906436 0.014835298641951801 -0.038397243543875255
-0.02775073510670984 0.019198621771937627 -0.03717551306747922
-0.026529004630313806 0.0158824961931484 -0.038397243543875255
-0.026529004630313806 0.014835298641951801 -0.03612831551628262
-0.02775073510670984 0.01815142422074103 -0.03717551306747922
-0.02548180707911721 0.019198621771937627 -0.038397243543875255
-0.024434609527920613 0.01815142422074103 -0.038397243543875255
-0.02775073510670984 0.0158824961931484 -0.038397243543875255
-0.02775073510670984 0.01815142422074103 -0.03612831551628262
-0.02548180707911721 0.01815142422074103 -0.038397243543875255
-0.026529004630313806 0.014835298641951801 -0.03944444109507184
-0.02775073510670984 0.012740903539558606 -0.03717551306747922
-0.026529004630313806 0.019198621771937627 -0.038397243543875255
-0.024434609527920613 0.01815142422074103 -0.03944444109507184
-0.026529004630313806 0.014835298641951801 -0.038397243543875255
-0.02548180707911721 0.017104226669544427 -0.03612831551628262
-0.024434609527920613 0.017104226669544427 -0.03944444109507184
-0.024434609527920613 0.014835298641951801 -0.040491638646268445
-0.02775073510670984 0.014835298641951801 -0.03944444109507184
-0.02775073510670984 0.01815142422074103 -0.038397243543875255
-0.023387411976724018 0.017104226669544427 -0.03944444109507184
-0.026529004630313806 0.013788101090755204 -0.03944444109507184
-0.02548180707911721 0.017104226669544427 -0.04153883619746504
-0.026529004630313806 0.01815142422074103 -0.04153883619746504
-0.02548180707911721 0.0158824961931484 -0.03717551306747922
-0.026529004630313806 0.0158824961931484 -0.03612831551628262
-0.02548180707911721 0.01815142422074103 -0.03717551306747922
-0.024434609527920613 0.020245819323134222 -0.03717551306747922
-0.02548180707911721 0.0158824961931484 -0.03717551306747922
-0.026529004630313806 0.014835298641951801 -0.03508111796508602
-0.024434609527920613 0.017104226669544427 -0.038397243543875255
-0.026529004630313806 0.017104226669544427 -0.03717551306747922
-0.026529004630313806 0.017104226669544427 -0.03717551306747922
-0.026529004630313806 0.0158824961931484 -0.03717551306747922
-0.02548180707911721 0.0158824961931484 -0.03944444109507184
-0.02548180707911721 0.0158824961931484 -0.038397243543875255
-0.026529004630313806 0.019198621771937627 -0.038397243543875255
-0.024434609527920613 0.01815142422074103 -0.03944444109507184
-0.02548180707911721 0.017104226669544427 -0.03944444109507184
-0.02775073510670984 0.013788101090755204 -0.03944444109507184
-0.026529004630313806 0.019198621771937627 -0.03508111796508602
-0.024434609527920613 0.01815142422074103 -0.040491638646268445
-0.026529004630313806 0.011693705988362009 -0.038397243543875255
-0.026529004630313806 0.019198621771937627 -0.03508111796508602
-0.026529004630313806 0.01815142422074103 -0.040491638646268445
-0.02548180707911721 0.013788101090755204 -0.03944444109507184
-0.02548180707911721 0.012740903539558606 -0.038397243543875255
-0.028797932657906436 0.0158824961931484 -0.03944444109507184
-0.024434609527920613 0.020245819323134222 -0.03717551306747922
-0.028797932657906436 0.0158824961931484 -0.03612831551628262
-0.02775073510670984 0.013788101090755204 -0.038397243543875255
-0.026529004630313806 0.0158824961931484 -0.03612831551628262
-0.024434609527920613 0.020245819323134222 -0.03717551306747922
-0.024434609527920613 0.017104226669544427 -0.03717551306747922
-0.028797932657906436 0.0158824961931484 -0.03612831551628262
-0.02548180707911721 0.01815142422074103 -0.03944444109507184
-0.02548180707911721 0.0158824961931484 -0.03944444109507184
-0.024434609527920613 0.017104226669544427 -0.038397243543875255
-0.02548180707911721 0.01815142422074103 -0.03612831551628262
-0.02775073510670984 0.017104226669544427 -0.038397243543875255
-0.02234021442552742 0.017104226669544427 -0.03944444109507184
-0.028797932657906436 0.0158824961931484 -0.03717551306747922
-0.026529004630313806 0.01815142422074103 -0.03944444109507184
-0.026529004630313806 0.017104226669544427 -0.03717551306747922
-0.02548180707911721 0.014835298641951801 -0.038397243543875255
-0.026529004630313806 0.012740903539558606 -0.038397243543875255
-0.02775073510670984 0.0158824961931484 -0.038397243543875255
-0.02548180707911721 0.02234021442552742 -0.03508111796508602
-0.02548180707911721 0.017104226669544427 -0.03944444109507184
-0.02548180707911721 0.014835298641951801 -0.038397243543875255
-0.024434609527920613 0.013788101090755204 -0.038397243543875255
-0.024434609527920613 0.017104226669544427 -0.03944444109507184
-0.02775073510670984 0.017104226669544427 -0.038397243543875255
-0.02775073510670984 0.017104226669544427 -0.03508111796508602
-0.02548180707911721 0.01815142422074103 -0.040491638646268445
-0.02548180707911721 0.017104226669544427 -0.03612831551628262
-0.024434609527920613 0.013788101090755204 -0.038397243543875255
-0.023387411976724018 0.01815142422074103 -0.038397243543875255
-0.02548180707911721 0.017104226669544427 -0.038397243543875255
-0.02548180707911721 0.014835298641951801 -0.03944444109507184
-0.024434609527920613 0.01815142422074103 -0.03508111796508602
-0.024434609527920613 0.014835298641951801 -0.03944444109507184
-0.02548180707911721 0.020245819323134222 -0.03612831551628262
-0.026529004630313806 0.019198621771937627 -0.03717551306747922
-0.02775073510670984 0.013788101090755204 -0.038397243543875255
-0.024434609527920613 0.017104226669544427 -0.03944444109507184
-0.02548180707911721 0.017104226669544427 -0.03717551306747922
-0.024434609527920613 0.017104226669544427 -0.04153883619746504
-0.02775073510670984 0.017104226669544427 -0.040491638646268445
-0.02548180707911721 0.0158824961931484 -0.038397243543875255
-0.024434609527920613 0.014835298641951801 -0.03717551306747922
-0.026529004630313806 0.017104226669544427 -0.038397243543875255
-0.024434609527920613 0.01815142422074103 -0.038397243543875255
-0.02548180707911721 0.0158824961931484 -0.038397243543875255
-0.02775073510670984 0.017104226669544427 -0.038397243543875255
-0.02775073510670984 0.0158824961931484 -0.03612831551628262
-0.026529004630313806 0.017104226669544427 -0.038397243543875255
-0.02775073510670984 0.0158824961931484 -0.038397243543875255
-0.026529004630313806 0.01815142422074103 -0.038397243543875255
-0.02548180707911721 0.017104226669544427 -0.038397243543875255
-0.024434609527920613 0.017104226669544427 -0.040491638646268445
-0.02548180707911721 0.014835298641951801 -0.038397243543875255
-0.024434609527920613 0.01815142422074103 -0.038397243543875255
-0.026529004630313806 0.019198621771937627 -0.03612831551628262
-0.02548180707911721 0.017104226669544427 -0.038397243543875255
-0.02775073510670984 0.014835298641951801 -0.03944444109507184
-0.024434609527920613 0.0158824961931484 -0.03717551306747922
-0.024434609527920613 0.019198621771937627 -0.03717551306747922
-0.026529004630313806 0.017104226669544427 -0.038397243543875255
-0.028797932657906436 0.013788101090755204 -0.038397243543875255
-0.02548180707911721 0.0158824961931484 -0.03717551306747922
-0.02548180707911721 0.019198621771937627 -0.038397243543875255
-0.026529004630313806 0.0158824961931484 -0.03612831551628262
-0.02548180707911721 0.019198621771937627 -0.038397243543875255
-0.02548180707911721 0.017104226669544427 -0.038397243543875255
-0.023387411976724018 0.0158824961931484 -0.03717551306747922
-0.024434609527920613 0.017104226669544427 -0.03717551306747922
-0.026529004630313806 0.017104226669544427 -0.03612831551628262
-0.024434609527920613 0.01815142422074103 -0.03508111796508602
-0.02548180707911721 0.0158824961931484 -0.03612831551628262
-0.026529004630313806 0.014835298641951801 -0.038397243543875255
-0.024434609527920613 0.01815142422074103 -0.038397243543875255
-0.02548180707911721 0.019198621771937627 -0.038397243543875255
-0.02775073510670984 0.01815142422074103 -0.038397243543875255
-0.024434609527920613 0.014835298641951801 -0.038397243543875255
-0.02775073510670984 0.019198621771937627 -0.03612831551628262
-0.024434609527920613 0.019198621771937627 -0.03717551306747922
-0.02548180707911721 0.013788101090755204 -0.03612831551628262
-0.026529004630313806 0.014835298641951801 -0.040491638646268445
-0.02775073510670984 0.01815142422074103 -0.03717551306747922
-0.02548180707911721 0.019198621771937627 -0.03944444109507184
-0.02548180707911721 0.014835298641951801 -0.038397243543875255
-0.029845130209103034 0.0158824961931484 -0.03717551306747922
-0.02548180707911721 0.017104226669544427 -0.03612831551628262
-0.024434609527920613 0.01815142422074103 -0.03717551306747922
-0.02548180707911721 0.014835298641951801 -0.040491638646268445
-0.026529004630313806 0.014835298641951801 -0.03612831551628262
-0.02548180707911721 0.017104226669544427 -0.03612831551628262
-0.026529004630313806 0.0158824961931484 -0.03717551306747922
-0.02548180707911721 0.0158824961931484 -0.03508111796508602
-0.026529004630313806 0.01815142422074103 -0.038397243543875255
-0.026529004630313806 0.01815142422074103 -0.038397243543875255
-0.024434609527920613 0.0158824961931484 -0.038397243543875255
-0.02548180707911721 0.0158824961931484 -0.03944444109507184
-0.02548180707911721 0.01815142422074103 -0.03944444109507184
-0.02548180707911721 0.0158824961931484 -0.03717551306747922
-0.02548180707911721 0.014835298641951801 -0.038397243543875255
-0.026529004630313806 0.01815142422074103 -0.038397243543875255
-0.02234021442552742 0.0158824961931484 -0.038397243543875255
-0.02548180707911721 0.017104226669544427 -0.03944444109507184
-0.02775073510670984 0.0158824961931484 -0.038397243543875255
-0.02548180707911721 0.01815142422074103 -0.03612831551628262
-0.02548180707911721 0.014835298641951801 -0.03717551306747922
-0.024434609527920613 0.0158824961931484 -0.03944444109507184
-0.026529004630313806 0.01815142422074103 -0.03612831551628262
-0.024434609527920613 0.020245819323134222 -0.03717551306747922
-0.02548180707911721 0.01815142422074103 -0.03717551306747922
-0.026529004630313806 0.0158824961931484 -0.03717551306747922
-0.024434609527920613 0.019198621771937627 -0.03612831551628262
-0.024434609527920613 0.01815142422074103 -0.03717551306747922
-0.02548180707911721 0.017104226669544427 -0.03717551306747922
-0.024434609527920613 0.019198621771937627 -0.03717551306747922
-0.024434609527920613 0.019198621771937627 -0.038397243543875255
-0.02548180707911721 0.017104226669544427 -0.038397243543875255
-0.026529004630313806 0.013788101090755204 -0.038397243543875255
-0.026529004630313806 0.017104226669544427 -0.03717551306747922
-0.026529004630313806 0.0158824961931484 -0.03612831551628262
-0.02548180707911721 0.014835298641951801 -0.038397243543875255
-0.026529004630313806 0.017104226669544427 -0.03612831551628262
-0.024434609527920613 0.017104226669544427 -0.03612831551628262
-0.023387411976724018 0.017104226669544427 -0.03612831551628262
-0.026529004630313806 0.017104226669544427 -0.03944444109507184
-0.026529004630313806 0.017104226669544427 -0.03612831551628262
-0.02775073510670984 0.019198621771937627 -0.038397243543875255
-0.024434609527920613 0.017104226669544427 -0.038397243543875255
-0.026529004630313806 0.017104226669544427 -0.03944444109507184
-0.026529004630313806 0.017104226669544427 -0.03944444109507184
-0.02548180707911721 0.019198621771937627 -0.03612831551628262
-0.026529004630313806 0.014835298641951801 -0.03944444109507184
-0.02548180707911721 0.014835298641951801 -0.03612831551628262
-0.026529004630313806 0.0158824961931484 -0.03508111796508602
-0.02548180707911721 0.01815142422074103 -0.03717551306747922
-0.02775073510670984 0.013788101090755204 -0.03508111796508602
-0.026529004630313806 0.01815142422074103 -0.03717551306747922
-0.02548180707911721 0.019198621771937627 -0.03508111796508602
-0.02234021442552742 0.014835298641951801 -0.038397243543875255
-0.02548180707911721 0.0158824961931484 -0.03717551306747922
-0.02548180707911721 0.0158824961931484 -0.038397243543875255
-0.024434609527920613 0.01815142422074103 -0.03717551306747922
-0.02548180707911721 0.014835298641951801 -0.03717551306747922
-0.026529004630313806 0.017104226669544427 -0.038397243543875255
-0.024434609527920613 0.0158824961931484 -0.03508111796508602
-0.024434609527920613 0.014835298641951801 -0.03717551306747922
-0.02548180707911721 0.013788101090755204 -0.03944444109507184
-0.02775073510670984 0.0158824961931484 -0.038397243543875255
-0.026529004630313806 0.01815142422074103 -0.03944444109507184
-0.02548180707911721 0.0158824961931484 -0.03717551306747922
-0.026529004630313806 0.017104226669544427 -0.038397243543875255
-0.02548180707911721 0.017104226669544427 -0.03717551306747922
-0.02548180707911721 0.0158824961931484 -0.038397243543875255
-0.026529004630313806 0.0158824961931484 -0.03612831551628262
-0.02775073510670984 0.0158824961931484 -0.038397243543875255
-0.023387411976724018 0.01815142422074103 -0.03508111796508602
-0.023387411976724018 0.013788101090755204 -0.03612831551628262
-0.02548180707911721 0.01815142422074103 -0.03508111796508602
-0.026529004630313806 0.017104226669544427 -0.03944444109507184
-0.02548180707911721 0.014835298641951801 -0.038397243543875255
-0.028797932657906436 0.014835298641951801 -0.03717551306747922
-0.02775073510670984 0.01815142422074103 -0.03717551306747922
-0.024434609527920613 0.014835298641951801 -0.03717551306747922
-0.02775073510670984 0.0158824961931484 -0.038397243543875255
-0.02775073510670984 0.0158824961931484 -0.038397243543875255
-0.026529004630313806 0.01815142422074103 -0.03944444109507184
-0.02548180707911721 0.019198621771937627 -0.040491638646268445
-0.02548180707911721 0.0158824961931484 -0.03944444109507184
-0.02775073510670984 0.0158824961931484 -0.03717551306747922
-0.026529004630313806 0.0158824961931484 -0.03944444109507184
-0.028797932657906436 0.017104226669544427 -0.03717551306747922
-0.024434609527920613 0.01815142422074103 -0.038397243543875255
-0.023387411976724018 0.0158824961931484 -0.03612831551628262
-0.02548180707911721 0.014835298641951801 -0.038397243543875255
-0.026529004630313806 0.013788101090755204 -0.038397243543875255
-0.024434609527920613 0.017104226669544427 -0.034033920413889425
-0.02548180707911721 0.019198621771937627 -0.038397243543875255
-0.02548180707911721 0.01815142422074103 -0.03717551306747922
-0.026529004630313806 0.0158824961931484 -0.03944444109507184
-0.026529004630313806 0.012740903539558606 -0.03717551306747922
-0.026529004630313806 0.013788101090755204 -0.03612831551628262
-0.02548180707911721 0.0158824961931484 -0.038397243543875255
-0.02548180707911721 0.020245819323134222 -0.04153883619746504
-0.02548180707911721 0.017104226669544427 -0.040491638646268445
-0.026529004630313806 0.017104226669544427 -0.03944444109507184
-0.026529004630313806 0.017104226669544427 -0.03944444109507184
-0.024434609527920613 0.01815142422074103 -0.03944444109507184
-0.028797932657906436 0.014835298641951801 -0.038397243543875255
-0.026529004630313806 0.014835298641951801 -0.040491638646268445
-0.023387411976724018 0.017104226669544427 -0.038397243543875255
-0.024434609527920613 0.013788101090755204 -0.03612831551628262
-0.026529004630313806 0.017104226669544427 -0.038397243543875255
-0.026529004630313806 0.017104226669544427 -0.03717551306747922
-0.02548180707911721 0.019198621771937627 -0.03717551306747922
-0.02548180707911721 0.0158824961931484 -0.03717551306747922
-0.026529004630313806 0.013788101090755204 -0.038397243543875255
-0.024434609527920613 0.014835298641951801 -0.038397243543875255
-0.023387411976724018 0.01815142422074103 -0.038397243543875255
-0.02548180707911721 0.014835298641951801 -0.038397243543875255
-0.024434609527920613 0.013788101090755204 -0.03717551306747922
-0.023387411976724018 0.017104226669544427 -0.03717551306747922
-0.024434609527920613 0.0158824961931484 -0.03717551306747922
-0.028797932657906436 0.017104226669544427 -0.038397243543875255
-0.028797932657906436 0.0158824961931484 -0.03717551306747922
-0.024434609527920613 0.01815142422074103 -0.03944444109507184
-0.026529004630313806 0.017104226669544427 -0.038397243543875255
-0.026529004630313806 0.017104226669544427 -0.038397243543875255
-0.02775073510670984 0.017104226669544427 -0.038397243543875255
-0.024434609527920613 0.0158824961931484 -0.03612831551628262
-0.026529004630313806 0.017104226669544427 -0.03612831551628262
-0.02775073510670984 0.017104226669544427 -0.03717551306747922
-0.026529004630313806 0.01815142422074103 -0.04363323129985824
-0.026529004630313806 0.0158824961931484 -0.038397243543875255
-0.024434609527920613 0.012740903539558606 -0.03944444109507184
-0.024434609527920613 0.014835298641951801 -0.03717551306747922
-0.026529004630313806 0.012740903539558606 -0.03717551306747922
-0.02548180707911721 0.017104226669544427 -0.03612831551628262
-0.024434609527920613 0.0158824961931484 -0.03717551306747922
-0.02548180707911721 0.017104226669544427 -0.03717551306747922
-0.02548180707911721 0.01815142422074103 -0.03944444109507184
-0.024434609527920613 0.0158824961931484 -0.03612831551628262
-0.024434609527920613 0.017104226669544427 -0.03717551306747922
-0.02548180707911721 0.014835298641951801 -0.038397243543875255
-0.024434609527920613 0.013788101090755204 -0.03944444109507184
-0.024434609527920613 0.0158824961931484 -0.038397243543875255
-0.02548180707911721 0.01815142422074103 -0.03612831551628262
-0.026529004630313806 0.01815142422074103 -0.038397243543875255
-0.02775073510670984 0.0158824961931484 -0.038397243543875255
-0.026529004630313806 0.0158824961931484 -0.038397243543875255
-0.026529004630313806 0.017104226669544427 -0.038397243543875255
-0.02548180707911721 0.0158824961931484 -0.038397243543875255
-0.023387411976724018 0.0158824961931484 -0.038397243543875255
-0.026529004630313806 0.017104226669544427 -0.03944444109507184
-0.026529004630313806 0.014835298641951801 -0.03508111796508602
-0.026529004630313806 0.017104226669544427 -0.03717551306747922
-0.02775073510670984 0.017104226669544427 -0.038397243543875255
-0.02548180707911721 0.01815142422074103 -0.03944444109507184
-0.02548180707911721 0.017104226669544427 -0.03612831551628262
-0.023387411976724018 0.0158824961931484 -0.03717551306747922
-0.024434609527920613 0.012740903539558606 -0.03612831551628262
-0.02775073510670984 0.0158824961931484 -0.03717551306747922
-0.02775073510670984 0.013788101090755204 -0.03717551306747922
-0.02548180707911721 0.017104226669544427 -0.03717551306747922
-0.026529004630313806 0.017104226669544427 -0.03612831551628262
-0.024434609527920613 0.01815142422074103 -0.03944444109507184
-0.026529004630313806 0.017104226669544427 -0.038397243543875255
-0.02548180707911721 0.014835298641951801 -0.03717551306747922
-0.02775073510670984 0.014835298641951801 -0.03508111796508602
-0.026529004630313806 0.017104226669544427 -0.038397243543875255
-0.024434609527920613 0.0158824961931484 -0.03612831551628262
-0.02548180707911721 0.014835298641951801 -0.038397243543875255
-0.02548180707911721 0.014835298641951801 -0.03717551306747922
-0.026529004630313806 0.017104226669544427 -0.03944444109507184
-0.02548180707911721 0.01815142422074103 -0.03717551306747922
-0.026529004630313806 0.014835298641951801 -0.03717551306747922
-0.02548180707911721 0.0158824961931484 -0.038397243543875255
-0.023387411976724018 0.014835298641951801 -0.038397243543875255
-0.02548180707911721 0.0158824961931484 -0.03612831551628262
-0.024434609527920613 0.014835298641951801 -0.03717551306747922
-0.026529004630313806 0.017104226669544427 -0.03508111796508602
-0.026529004630313806 0.0158824961931484 -0.038397243543875255
-0.02775073510670984 0.017104226669544427 -0.038397243543875255
-0.02548180707911721 0.01815142422074103 -0.03717551306747922
-0.026529004630313806 0.01815142422074103 -0.03717551306747922
-0.026529004630313806 0.01815142422074103 -0.038397243543875255
-0.026529004630313806 0.013788101090755204 -0.03508111796508602
-0.024434609527920613 0.014835298641951801 -0.038397243543875255
-0.023387411976724018 0.014835298641951801 -0.038397243543875255
-0.023387411976724018 0.017104226669544427 -0.03717551306747922
-0.02548180707911721 0.0158824961931484 -0.03612831551628262
-0.026529004630313806 0.0158824961931484 -0.03508111796508602
-0.02234021442552742 0.0158824961931484 -0.03717551306747922
-0.02775073510670984 0.0158824961931484 -0.03508111796508602
-0.02548180707911721 0.014835298641951801 -0.03508111796508602
-0.026529004630313806 0.017104226669544427 -0.03612831551628262
-0.026529004630313806 0.013788101090755204 -0.03612831551628262
-0.026529004630313806 0.01815142422074103 -0.03717551306747922
-0.026529004630313806 0.024434609527920613 -0.03612831551628262
-0.026529004630313806 0.02234021442552742 -0.03717551306747922
-0.024434609527920613 0.005235987755982988 -0.038397243543875255
-0.02548180707911721 0.005235987755982988 -0.03944444109507184
-0.02775073510670984 0.02234021442552742 -0.040491638646268445
-0.026529004630313806 0.029845130209103034 -0.03944444109507184
-0.026529004630313806 0.01815142422074103 -0.03944444109507184
-0.02775073510670984 0.007504915783575617 -0.04153883619746504
-0.026529004630313806 0.014835298641951801 -0.040491638646268445
-0.023387411976724018 0.023387411976724018 -0.03944444109507184
-0.024434609527920613 0.019198621771937627 -0.040491638646268445
-0.02775073510670984 0.01815142422074103 -0.03944444109507184
-0.026529004630313806 0.0158824961931484 -0.03944444109507184
-0.024434609527920613 0.01064650843716541 -0.040491638646268445
-0.02548180707911721 0.012740903539558606 -0.03717551306747922
-0.02775073510670984 0.023387411976724018 -0.038397243543875255
-0.024434609527920613 0.02234021442552742 -0.03944444109507184
-0.023387411976724018 0.012740903539558606 -0.038397243543875255
-0.02775073510670984 0.014835298641951801 -0.040491638646268445
-0.02548180707911721 0.020245819323134222 -0.040491638646268445
-0.024434609527920613 0.02234021442552742 -0.03944444109507184
-0.02548180707911721 0.017104226669544427 -0.03612831551628262
-0.024434609527920613 0.011693705988362009 -0.03944444109507184
-0.024434609527920613 0.013788101090755204 -0.03717551306747922
-0.02548180707911721 0.0158824961931484 -0.03944444109507184
-0.026529004630313806 0.0158824961931484 -0.03612831551628262
-0.02548180707911721 0.02234021442552742 -0.038397243543875255
-0.02548180707911721 0.017104226669544427 -0.03612831551628262
-0.024434609527920613 0.012740903539558606 -0.03612831551628262
-0.028797932657906436 0.0158824961931484 -0.03612831551628262
-0.026529004630313806 0.017104226669544427 -0.04153883619746504
-0.023387411976724018 0.019198621771937627 -0.03717551306747922
-0.026529004630313806 0.0158824961931484 -0.038397243543875255
-0.02548180707911721 0.013788101090755204 -0.03717551306747922
-0.02548180707911721 0.014835298641951801 -0.03612831551628262
-0.024434609527920613 0.017104226669544427 -0.038397243543875255
-0.02548180707911721 0.020245819323134222 -0.03717551306747922
-0.024434609527920613 0.017104226669544427 -0.03612831551628262
-0.02548180707911721 0.014835298641951801 -0.038397243543875255
-0.023387411976724018 0.014835298641951801 -0.038397243543875255
-0.02548180707911721 0.019198621771937627 -0.03717551306747922
-0.02775073510670984 0.017104226669544427 -0.03944444109507184
-0.023387411976724018 0.0158824961931484 -0.038397243543875255
-0.02548180707911721 0.0158824961931484 -0.03717551306747922
-0.026529004630313806 0.01815142422074103 -0.03717551306747922
-0.02775073510670984 0.0158824961931484 -0.03944444109507184
-0.02775073510670984 0.019198621771937627 -0.038397243543875255
-0.02548180707911721 0.01815142422074103 -0.038397243543875255
-0.026529004630313806 0.0158824961931484 -0.038397243543875255
-0.02548180707911721 0.014835298641951801 -0.038397243543875255
-0.02548180707911721 0.019198621771937627 -0.03717551306747922
-0.02548180707911721 0.019198621771937627 -0.03717551306747922
-0.026529004630313806 0.017104226669544427 -0.03612831551628262
-0.026529004630313806 0.0158824961931484 -0.03717551306747922
-0.024434609527920613 0.0158824961931484 -0.03717551306747922
-0.02548180707911721 0.013788101090755204 -0.038397243543875255
-0.028797932657906436 0.0158824961931484 -0.03508111796508602
-0.02775073510670984 0.0158824961931484 -0.040491638646268445
-0.02548180707911721 0.014835298641951801 -0.038397243543875255
